3
12
0.550806	0.446380
0.089149	0.767762
-0.059780	0.448652
0.598188	0.515600
0.055016	0.603358
-0.007207	0.383880
0.450851	0.441932
0.129829	0.668904
0.040175	0.453100
0.527516	0.553933
0.031726	0.710912
-0.107162	0.379432
0
0
.75 0.1974269 0.4149349
0.75 0.3025731 0.4149349
0.75 0.3025731 0.5850651
30
4 8
5 6
0 7
8 9
1 6
1 11
1 2
2 9
3 10
6 10
6 11
0 11
0 4
7 9
0 1
2 6
5 11
4 5
2 10
9 10
3 9
0 8
4 11
3 5
2 7
5 10
3 4
3 8
1 7
7 8


4
0.0 0.0 0.0
.1 0.0 0.0
0.0 0.1 0.0
0.0 0.0 0.1
6
1 2
1 3
1 4
2 3
2 4
3 4

8
0.375 0.375 0.625
0.625 0.375 0.625
0.375 0.625 0.625
0.625 0.625 0.625
0.375 0.625 0.375
0.625 0.625 0.375
0.375 0.375 0.375
0.625 0.375 0.375
18
0 1
1 2
1 3
6 7
4 6
0 6
4 5
5 7
0 7
2 4
5 6
2 3
0 4
1 7
3 7
3 4
0 2
3 5

​
